<svg width="190" height="41" viewBox="0 0 190 41" fill="none" xmlns="http://www.w3.org/2000/svg">
<path d="M121.745 36.2702H122.399V39.1142H123.683V39.7343H121.745V36.2702Z" fill="#D0D0D0"/>
<path d="M118.735 36.2702H119.39L120.643 39.7343H119.957L119.744 39.1142H118.392L118.179 39.7343H117.493L118.746 36.2702H118.735ZM118.611 38.5044H119.536L119.073 37.1926L118.611 38.5044Z" fill="#D0D0D0"/>
<path d="M115.492 36.88H114.557V36.26H117.093V36.88H116.147V39.724H115.492V36.88Z" fill="#D0D0D0"/>
<path d="M112.712 36.2702H113.367V39.7343H112.712V36.2702Z" fill="#D0D0D0"/>
<path d="M109.069 36.2702H110.274C110.997 36.2702 111.537 36.8236 111.537 37.5052C111.537 38.1867 110.997 38.7402 110.264 38.7402H109.724V39.7292H109.069V36.2702ZM109.724 38.1457H110.217C110.602 38.1457 110.872 37.8588 110.872 37.5001C110.872 37.1414 110.602 36.8646 110.217 36.8646H109.724V38.1457Z" fill="#D0D0D0"/>
<path d="M106.065 36.2702H106.72L107.972 39.7343H107.286L107.073 39.1142H105.711L105.498 39.7343H104.812L106.075 36.2702H106.065ZM105.93 38.5044H106.855L106.392 37.1926L105.93 38.5044Z" fill="#D0D0D0"/>
<path d="M100.577 38.0023C100.577 36.9671 101.367 36.2241 102.38 36.2241C103.045 36.2241 103.607 36.5674 103.924 37.0799L103.347 37.4334C103.134 37.0799 102.837 36.8441 102.38 36.8441C101.715 36.8441 101.231 37.3463 101.231 37.9869C101.231 38.6274 101.715 39.1194 102.37 39.1194C102.853 39.1194 103.191 38.8529 103.383 38.4634L103.981 38.776C103.674 39.3653 103.082 39.765 102.38 39.765C101.299 39.7753 100.577 38.9861 100.577 37.9971V38.0023Z" fill="#D0D0D0"/>
<path d="M95.4885 36.2702L96.5488 37.7255L97.6505 36.2702H98.269V39.7343H97.6142V37.3002L96.5332 38.735L95.4833 37.3258V39.7343H94.8285V36.2702H95.4885Z" fill="#D0D0D0"/>
<path d="M91.0709 38.5352V36.2702H91.7258V38.5813C91.7258 38.9246 91.9856 39.1911 92.3339 39.1911C92.6821 39.1911 92.9523 38.9246 92.9523 38.5813V36.2702H93.6072V38.5352C93.6072 39.3448 93.0667 39.7804 92.3442 39.7804C91.6218 39.7804 91.0709 39.3448 91.0709 38.5352Z" fill="#D0D0D0"/>
<path d="M87.4433 39.7343V36.2702H88.5711C89.4027 36.2702 89.8912 36.757 89.8912 37.4796C89.8912 37.8998 89.6885 38.2892 89.3039 38.4891L90.0003 39.7343H89.2571L88.6958 38.6787H88.1086V39.7343H87.4433ZM88.5139 38.0791C89.0545 38.0791 89.2364 37.7921 89.2364 37.4437C89.2364 37.0952 89.0233 36.8646 88.5139 36.8646H88.0982V38.074H88.5139V38.0791Z" fill="#D0D0D0"/>
<path d="M83.8053 39.7343V36.2702H84.9331C85.7646 36.2702 86.2532 36.757 86.2532 37.4796C86.2532 37.8998 86.0505 38.2892 85.6659 38.4891L86.3623 39.7343H85.6087L85.0474 38.6787H84.4602V39.7343H83.8053ZM84.8759 38.0791C85.4164 38.0791 85.5983 37.7921 85.5983 37.4437C85.5983 37.0952 85.3853 36.8646 84.8759 36.8646H84.4602V38.074H84.8759V38.0791Z" fill="#D0D0D0"/>
<path d="M80.5259 36.2702H82.61V36.8903H81.1807V37.6897H82.61V38.3097H81.1807V39.1194H82.61V39.7394H80.5259V36.2651V36.2702Z" fill="#D0D0D0"/>
<path d="M79.3202 36.2702V36.8903H77.9897V37.6897H79.3202V38.3097H77.9897V39.7445H77.3348V36.2702H79.3202Z" fill="#D0D0D0"/>
<path d="M73.3382 39.5908L72.1897 36.9466H72.8757L73.6656 38.8119L74.4089 36.9466H75.0949L73.4162 41H72.7613L73.3382 39.5908Z" fill="#D0D0D0"/>
<path d="M69.1857 39.3653V39.7189H68.5412V36.2087H69.1961V37.2951C69.3988 37.0491 69.7262 36.8851 70.1108 36.8851C70.8228 36.8851 71.4984 37.4078 71.4984 38.3302C71.4984 39.2526 70.802 39.7753 70.1264 39.7753C69.7314 39.7855 69.404 39.6318 69.1909 39.3653H69.1857ZM70.854 38.3302C70.854 37.8536 70.4798 37.4744 70.0069 37.4744C69.5339 37.4744 69.1753 37.8536 69.1753 38.3302C69.1753 38.8068 69.5339 39.1962 70.0069 39.1962C70.4798 39.1962 70.854 38.817 70.854 38.3302Z" fill="#D0D0D0"/>
<path d="M69.1857 39.3653V39.7189H68.5412V36.2087H69.1961V37.2951C69.3988 37.0491 69.7262 36.8851 70.1108 36.8851C70.8228 36.8851 71.4984 37.4078 71.4984 38.3302C71.4984 39.2526 70.802 39.7753 70.1264 39.7753C69.7314 39.7855 69.404 39.6318 69.1909 39.3653H69.1857ZM70.854 38.3302C70.854 37.8536 70.4798 37.4744 70.0069 37.4744C69.5339 37.4744 69.1753 37.8536 69.1753 38.3302C69.1753 38.8068 69.5339 39.1962 70.0069 39.1962C70.4798 39.1962 70.854 38.817 70.854 38.3302Z" fill="#D0D0D0"/>
<path d="M73.3382 39.5908L72.1897 36.9466H72.8757L73.6656 38.8119L74.4089 36.9466H75.0949L73.4162 41H72.7613L73.3382 39.5908Z" fill="#D0D0D0"/>
<path d="M79.3202 36.2702V36.8903H77.9897V37.6897H79.3202V38.3097H77.9897V39.7445H77.3348V36.2702H79.3202Z" fill="#D0D0D0"/>
<path d="M80.5259 36.2702H82.61V36.8903H81.1807V37.6897H82.61V38.3097H81.1807V39.1194H82.61V39.7394H80.5259V36.2651V36.2702Z" fill="#D0D0D0"/>
<path d="M83.8053 39.7343V36.2702H84.9331C85.7646 36.2702 86.2532 36.757 86.2532 37.4796C86.2532 37.8998 86.0505 38.2892 85.6659 38.4891L86.3623 39.7343H85.6087L85.0474 38.6787H84.4602V39.7343H83.8053ZM84.8759 38.0791C85.4164 38.0791 85.5983 37.7921 85.5983 37.4437C85.5983 37.0952 85.3853 36.8646 84.8759 36.8646H84.4602V38.074H84.8759V38.0791Z" fill="#D0D0D0"/>
<path d="M87.4433 39.7343V36.2702H88.5711C89.4027 36.2702 89.8912 36.757 89.8912 37.4796C89.8912 37.8998 89.6885 38.2892 89.3039 38.4891L90.0003 39.7343H89.2571L88.6958 38.6787H88.1086V39.7343H87.4433ZM88.5139 38.0791C89.0545 38.0791 89.2364 37.7921 89.2364 37.4437C89.2364 37.0952 89.0233 36.8646 88.5139 36.8646H88.0982V38.074H88.5139V38.0791Z" fill="#D0D0D0"/>
<path d="M91.0709 38.5352V36.2702H91.7258V38.5813C91.7258 38.9246 91.9856 39.1911 92.3339 39.1911C92.6821 39.1911 92.9523 38.9246 92.9523 38.5813V36.2702H93.6072V38.5352C93.6072 39.3448 93.0667 39.7804 92.3442 39.7804C91.6218 39.7804 91.0709 39.3448 91.0709 38.5352Z" fill="#D0D0D0"/>
<path d="M95.4885 36.2702L96.5488 37.7255L97.6505 36.2702H98.269V39.7343H97.6142V37.3002L96.5332 38.735L95.4833 37.3258V39.7343H94.8285V36.2702H95.4885Z" fill="#D0D0D0"/>
<path d="M100.577 38.0023C100.577 36.9671 101.367 36.2241 102.38 36.2241C103.045 36.2241 103.607 36.5674 103.924 37.0799L103.347 37.4334C103.134 37.0799 102.837 36.8441 102.38 36.8441C101.715 36.8441 101.231 37.3463 101.231 37.9869C101.231 38.6274 101.715 39.1194 102.37 39.1194C102.853 39.1194 103.191 38.8529 103.383 38.4634L103.981 38.776C103.674 39.3653 103.082 39.765 102.38 39.765C101.299 39.7753 100.577 38.9861 100.577 37.9971V38.0023Z" fill="#D0D0D0"/>
<path d="M106.065 36.2702H106.72L107.972 39.7343H107.286L107.073 39.1142H105.711L105.498 39.7343H104.812L106.075 36.2702H106.065ZM105.93 38.5044H106.855L106.392 37.1926L105.93 38.5044Z" fill="#D0D0D0"/>
<path d="M109.069 36.2702H110.274C110.997 36.2702 111.537 36.8236 111.537 37.5052C111.537 38.1867 110.997 38.7402 110.264 38.7402H109.724V39.7292H109.069V36.2702ZM109.724 38.1457H110.217C110.602 38.1457 110.872 37.8588 110.872 37.5001C110.872 37.1414 110.602 36.8646 110.217 36.8646H109.724V38.1457Z" fill="#D0D0D0"/>
<path d="M112.712 36.2702H113.367V39.7343H112.712V36.2702Z" fill="#D0D0D0"/>
<path d="M115.492 36.88H114.557V36.26H117.093V36.88H116.147V39.724H115.492V36.88Z" fill="#D0D0D0"/>
<path d="M118.735 36.2702H119.39L120.643 39.7343H119.957L119.744 39.1142H118.392L118.179 39.7343H117.493L118.746 36.2702H118.735ZM118.611 38.5044H119.536L119.073 37.1926L118.611 38.5044Z" fill="#D0D0D0"/>
<path d="M121.745 36.2702H122.399V39.1142H123.683V39.7343H121.745V36.2702Z" fill="#D0D0D0"/>
<path d="M144.051 7.5943H144.441V27.897H144.051V7.5943Z" fill="#D0D0D0"/>
<path d="M166.466 20.0157C166.466 18.4067 165.998 16.9053 165.182 15.6498L166.284 15.3987V12.1089H166.622V27.8765H166.284V24.6174L165.198 24.3663C166.004 23.1211 166.466 21.6248 166.466 20.0157ZM164.07 25.7448C162.636 27.3436 160.453 28.2301 158.374 28.2301C153.66 28.2403 150.09 24.5457 150.09 20.0157C150.09 15.4858 153.66 11.7604 158.374 11.7604C160.521 11.7604 162.781 12.7187 164.211 14.4302C162.766 12.9441 160.734 12.0166 158.442 12.0166C154.009 12.0166 150.506 15.5883 150.506 20.0209C150.506 24.4534 154.009 27.9995 158.442 27.9995C160.656 27.9995 162.636 27.1437 164.075 25.7448H164.07Z" fill="#D0D0D0"/>
<path d="M173.145 20.0209C173.145 21.6555 173.617 23.1724 174.444 24.4329L173.311 24.6943V27.897H172.999V7.5943H173.337V15.2962L174.48 15.5576C173.633 16.8335 173.145 18.3708 173.145 20.0157V20.0209ZM175.213 25.4219C176.663 27.0105 178.773 28.0046 181.174 28.0046C185.607 28.0046 189.089 24.4534 189.089 20.026C189.089 15.5986 185.613 12.0217 181.174 12.0217C178.721 12.0217 176.585 13.0671 175.13 14.7172C176.512 12.857 178.95 11.7809 181.216 11.7809C185.93 11.7809 189.5 15.4756 189.5 20.0362C189.5 24.5969 185.878 28.2608 181.216 28.2608C178.981 28.2506 176.621 27.2308 175.213 25.4271V25.4219Z" fill="#D0D0D0"/>
<path fill-rule="evenodd" clip-rule="evenodd" d="M34.6609 1.34771H51.4686V7.80952H41.0483V28.0354H34.6609V1.34771Z" fill="#D0D0D0"/>
<path d="M28.2528 21.0867L25.5971 23.6387V15.3372H17.1777L19.7659 12.7187H28.258V21.0919L28.2528 21.0867Z" fill="#D0D0D0"/>
<path d="M24.9942 3.74591L22.2813 6.74366L22.2241 6.69241C20.2804 4.9655 17.7702 4.00725 15.1508 4.00725C9.30919 4.00725 4.55379 8.69604 4.55379 14.4558C4.55379 20.2156 9.30919 24.9044 15.1508 24.9044C16.1798 24.9044 17.1881 24.7609 18.16 24.4791L18.2743 24.4483V28.5786L18.2119 28.5939C17.1725 28.7938 16.1642 28.9014 15.156 28.9014C7.07441 28.8963 0.5 22.4139 0.5 14.4456C0.5 6.47719 7.07441 0 15.1612 0C18.768 0 22.2345 1.30159 24.9163 3.66904L24.9942 3.74591Z" fill="#D0D0D0"/>
<path fill-rule="evenodd" clip-rule="evenodd" d="M89.4494 1.34771H96.6475L102.889 18.9755L109.121 1.34771H116.386L122.628 18.9755L128.86 1.34771H136.058L126.62 28.0354H118.631L112.764 11.4222L106.886 28.0354H98.8979L89.4494 1.34771Z" fill="#D0D0D0"/>
<path fill-rule="evenodd" clip-rule="evenodd" d="M71.6595 0.0922385C79.6372 0.0922385 86.1129 6.46694 86.1129 14.3431C86.1129 22.2192 79.6476 28.5939 71.6595 28.5939C63.6715 28.5939 57.2062 22.2192 57.2062 14.3431C57.2062 6.46694 63.6767 0.0922385 71.6595 0.0922385ZM71.6595 5.94426C66.9509 5.94426 63.1414 9.70041 63.1414 14.3431C63.1414 18.9858 66.9509 22.7419 71.6595 22.7419C76.3682 22.7419 80.1777 18.9858 80.1777 14.3431C80.1777 9.70041 76.3578 5.94426 71.6595 5.94426Z" fill="#D0D0D0"/>
</svg>
